255 255 255 255 255 255 255 255 255 255 255 255 255 255 255 255
255 255 255 255 255 255 255 255 255 255 255 255 255 255 255 255
255 255   0   0   0   0   0   0   0   0   0   0   0   0 255 255
255 255   0   0   0   0   0   0   0   0   0   0   0   0 255 255
255 255   0   0   0   0   0   0   0   0   0   0   0   0 255 255
255 255   0   0   0 255 255 255 255 255 255   0   0   0 255 255
255 255   0   0   0 255   0   0   0   0 255   0   0   0 255 255
255 255   0   0   0 255   0   0   0   0 255   0   0   0 255 255
255 255   0   0   0 255   0   0   0   0 255   0   0   0 255 255
255 255   0   0   0 255   0   0   0   0 255   0   0   0 255 255
255 255   0   0   0 255 255 255 255 255 255   0   0   0 255 255
255 255   0   0   0   0   0   0   0   0   0   0   0   0 255 255
255 255   0   0   0   0   0   0   0   0   0   0   0   0 255 255
255 255   0   0   0   0   0   0   0   0   0   0   0   0 255 255
255 255 255 255 255 255 255 255 255 255 255 255 255 255 255 255
255 255 255 255 255 255 255 255 255 255 255 255 255 255 255 255
255 255 255 255 255 255 255 255 255 255 255 255 255 255 255 255
255 255 255 255 255 255 255 255 255 255 255 255 255 255 255 255
255 255   0   0   0   0   0   0   0   0   0   0   0   0 255 255
255 255   0   0   0   0   0   0   0   0   0   0   0   0 255 255
255 255   0   0   0   0   0   0   0   0   0   0   0   0 255 255
255 255   0   0   0 255 255 255 255 255 255   0   0   0 255 255
255 255   0   0   0 255   0   0   0   0 255   0   0   0 255 255
255 255   0   0   0 255   0   0   0   0 255   0   0   0 255 255
255 255   0   0   0 255   0   0   0   0 255   0   0   0 255 255
255 255   0   0   0 255   0   0   0   0 255   0   0   0 255 255
255 255   0   0   0 255 255 255 255 255 255   0   0   0 255 255
255 255   0   0   0   0   0   0   0   0   0   0   0   0 255 255
255 255   0   0   0   0   0   0   0   0   0   0   0   0 255 255
255 255   0   0   0   0   0   0   0   0   0   0   0   0 255 255
255 255 255 255 255 255 255 255 255 255 255 255 255 255 255 255
255 255 255 255 255 255 255 255 255 255 255 255 255 255 255 255
255 255 255 255 255 255 255 255 255 255 255 255 255 255 255 255
255 255 255 255 255 255 255 255 255 255 255 255 255 255 255 255
255 255   0   0   0   0   0   0   0   0   0   0   0   0 255 255
255 255   0   0   0   0   0   0   0   0   0   0   0   0 255 255
255 255   0   0   0   0   0   0   0   0   0   0   0   0 255 255
255 255   0   0   0 255 255 255 255 255 255   0   0   0 255 255
255 255   0   0   0 255   0   0   0   0 255   0   0   0 255 255
255 255   0   0   0 255   0   0   0   0 255   0   0   0 255 255
255 255   0   0   0 255   0   0   0   0 255   0   0   0 255 255
255 255   0   0   0 255   0   0   0   0 255   0   0   0 255 255
255 255   0   0   0 255 255 255 255 255 255   0   0   0 255 255
255 255   0   0   0   0   0   0   0   0   0   0   0   0 255 255
255 255   0   0   0   0   0   0   0   0   0   0   0   0 255 255
255 255   0   0   0   0   0   0   0   0   0   0   0   0 255 255
255 255 255 255 255 255 255 255 255 255 255 255 255 255 255 255
255 255 255 255 255 255 255 255 255 255 255 255 255 255 255 255

255 255 255 255 255 255 255 255 255 255 255 255 255 255 255 255
255 255 255 255 255 255 255 255 255 255 255 255 255 255 255 255
255 255   0   0   0   0   0   0   0   0   0   0   0   0 255 255
255 255   0   0   0   0   0   0   0   0   0   0   0   0 255 255
255 255   0   0   0   0   0   0   0   0   0   0   0   0 255 255
255 255   0   0   0 255 255 255 255 255 255   0   0   0 255 255
255 255   0   0   0 255   0   0   0   0 255   0   0   0 255 255
255 255   0   0   0 255   0   0   0   0 255   0   0   0 255 255
255 255   0   0   0 255   0   0   0   0 255   0   0   0 255 255
255 255   0   0   0 255   0   0   0   0 255   0   0   0 255 255
255 255   0   0   0 255 255 255 255 255 255   0   0   0 255 255
255 255   0   0   0   0   0   0   0   0   0   0   0   0 255 255
255 255   0   0   0   0   0   0   0   0   0   0   0   0 255 255
255 255   0   0   0   0   0   0   0   0   0   0   0   0 255 255
255 255 255 255 255 255 255 255 255 255 255 255 255 255 255 255
255 255 255 255 255 255 255 255 255 255 255 255 255 255 255 255
255 255 255 255 255 255 255 255 255 255 255 255 255 255 255 255
255 255 255 255 255 255 255 255 255 255 255 255 255 255 255 255
255 255   0   0   0   0   0   0   0   0   0   0   0   0 255 255
255 255   0   0   0   0   0   0   0   0   0   0   0   0 255 255
255 255   0   0   0   0   0   0   0   0   0   0   0   0 255 255
255 255   0   0   0 255 255 255 255 255 255   0   0   0 255 255
255 255   0   0   0 255   0   0   0   0 255   0   0   0 255 255
255 255   0   0   0 255   0   0   0   0 255   0   0   0 255 255
255 255   0   0   0 255   0   0   0   0 255   0   0   0 255 255
255 255   0   0   0 255   0   0   0   0 255   0   0   0 255 255
255 255   0   0   0 255 255 255 255 255 255   0   0   0 255 255
255 255   0   0   0   0   0   0   0   0   0   0   0   0 255 255
255 255   0   0   0   0   0   0   0   0   0   0   0   0 255 255
255 255   0   0   0   0   0   0   0   0   0   0   0   0 255 255
255 255 255 255 255 255 255 255 255 255 255 255 255 255 255 255
255 255 255 255 255 255 255 255 255 255 255 255 255 255 255 255
255 255 255 255 255 255 255 255 255 255 255 255 255 255 255 255
255 255 255 255 255 255 255 255 255 255 255 255 255 255 255 255
255 255   0   0   0   0   0   0   0   0   0   0   0   0 255 255
255 255   0   0   0   0   0   0   0   0   0   0   0   0 255 255
255 255   0   0   0   0   0   0   0   0   0   0   0   0 255 255
255 255   0   0   0 255 255 255 255 255 255   0   0   0 255 255
255 255   0   0   0 255   0   0   0   0 255   0   0   0 255 255
255 255   0   0   0 255   0   0   0   0 255   0   0   0 255 255
255 255   0   0   0 255   0   0   0   0 255   0   0   0 255 255
255 255   0   0   0 255   0   0   0   0 255   0   0   0 255 255
255 255   0   0   0 255 255 255 255 255 255   0   0   0 255 255
255 255   0   0   0   0   0   0   0   0   0   0   0   0 255 255
255 255   0   0   0   0   0   0   0   0   0   0   0   0 255 255
255 255   0   0   0   0   0   0   0   0   0   0   0   0 255 255
255 255 255 255 255 255 255 255 255 255 255 255 255 255 255 255
255 255 255 255 255 255 255 255 255 255 255 255 255 255 255 255

255 255 255 255 255 255 255 255 255 255 255 255 255 255 255 255
255 210 147 147 147 147 147 147 147 147 147 147 147 147 198 254
255 147   0   0   0   0   0   0   0   0   0   0   0   0 122 254
255 147   0   0   0   0   0   0   0   0   0   0   0   0 122 254
255 147   0   0  15  63  63  63  63  63  63  26   0   0 122 254
255 147   0   0  63 233 184 181 181 182 229 106   0   0 122 254
255 147   0   0  63 184  21  10  10  15 170 106   0   0 122 254
255 147   0   0  63 181  10   0   0   5 167 106   0   0 122 254
255 147   0   0  63 181  10   0   0   5 167 106   0   0 122 254
255 147   0   0  63 182  15   5   5  10 168 106   0   0 122 254
255 147   0   0  63 229 170 167 167 168 224 106   0   0 122 254
255 147   0   0  26 106 106 106 106 106 106  44   0   0 122 254
255 147   0   0   0   0   0   0   0   0   0   0   0   0 122 254
255 147   0   0   0   0   0   0   0   0   0   0   0   0 122 254
255 198 122 122 122 122 122 122 122 122 122 122 122 122 185 254
255 254 254 254 254 254 254 254 254 254 254 254 254 254 254 255
255 255 255 255 255 255 255 255 255 255 255 255 255 255 255 255
255 210 147 147 147 147 147 147 147 147 147 147 147 147 198 254
255 147   0   0   0   0   0   0   0   0   0   0   0   0 122 254
255 147   0   0   0   0   0   0   0   0   0   0   0   0 122 254
255 147   0   0  15  63  63  63  63  63  63  26   0   0 122 254
255 147   0   0  63 233 184 181 181 182 229 106   0   0 122 254
255 147   0   0  63 184  21  10  10  15 170 106   0   0 122 254
255 147   0   0  63 181  10   0   0   5 167 106   0   0 122 254
255 147   0   0  63 181  10   0   0   5 167 106   0   0 122 254
255 147   0   0  63 182  15   5   5  10 168 106   0   0 122 254
255 147   0   0  63 229 170 167 167 168 224 106   0   0 122 254
255 147   0   0  26 106 106 106 106 106 106  44   0   0 122 254
255 147   0   0   0   0   0   0   0   0   0   0   0   0 122 254
255 147   0   0   0   0   0   0   0   0   0   0   0   0 122 254
255 198 122 122 122 122 122 122 122 122 122 122 122 122 185 254
255 254 254 254 254 254 254 254 254 254 254 254 254 254 254 255
255 255 255 255 255 255 255 255 255 255 255 255 255 255 255 255
255 210 147 147 147 147 147 147 147 147 147 147 147 147 198 254
255 147   0   0   0   0   0   0   0   0   0   0   0   0 122 254
255 147   0   0   0   0   0   0   0   0   0   0   0   0 122 254
255 147   0   0  15  63  63  63  63  63  63  26   0   0 122 254
255 147   0   0  63 233 184 181 181 182 229 106   0   0 122 254
255 147   0   0  63 184  21  10  10  15 170 106   0   0 122 254
255 147   0   0  63 181  10   0   0   5 167 106   0   0 122 254
255 147   0   0  63 181  10   0   0   5 167 106   0   0 122 254
255 147   0   0  63 182  15   5   5  10 168 106   0   0 122 254
255 147   0   0  63 229 170 167 167 168 224 106   0   0 122 254
255 147   0   0  26 106 106 106 106 106 106  44   0   0 122 254
255 147   0   0   0   0   0   0   0   0   0   0   0   0 122 254
255 147   0   0   0   0   0   0   0   0   0   0   0   0 122 254
255 198 122 122 122 122 122 122 122 122 122 122 122 122 185 254
255 254 254 254 254 254 254 254 254 254 254 254 254 254 254 255

255 254 254 254 254 254 254 254 254 254 254 254 254 254 254 255
255 198 122 122 122 122 122 122 122 122 122 122 122 122 185 254
255 147   0   0   0   0   0   0   0   0   0   0   0   0 122 254
255 147   0   0   0   0   0   0   0   0   0   0   0   0 122 254
255 147   0   0  26 106 106 106 106 106 106  44   0   0 122 254
255 147   0   0  63 229 170 167 167 168 224 106   0   0 122 254
255 147   0   0  63 182  15   5   5  10 168 106   0   0 122 254
255 147   0   0  63 181  10   0   0   5 167 106   0   0 122 254
255 147   0   0  63 181  10   0   0   5 167 106   0   0 122 254
255 147   0   0  63 184  21  10  10  15 170 106   0   0 122 254
255 147   0   0  63 233 184 181 181 182 229 106   0   0 122 254
255 147   0   0  15  63  63  63  63  63  63  26   0   0 122 254
255 147   0   0   0   0   0   0   0   0   0   0   0   0 122 254
255 147   0   0   0   0   0   0   0   0   0   0   0   0 122 254
255 210 147 147 147 147 147 147 147 147 147 147 147 147 198 254
255 255 255 255 255 255 255 255 255 255 255 255 255 255 255 255
255 254 254 254 254 254 254 254 254 254 254 254 254 254 254 255
255 198 122 122 122 122 122 122 122 122 122 122 122 122 185 254
255 147   0   0   0   0   0   0   0   0   0   0   0   0 122 254
255 147   0   0   0   0   0   0   0   0   0   0   0   0 122 254
255 147   0   0  26 106 106 106 106 106 106  44   0   0 122 254
255 147   0   0  63 229 170 167 167 168 224 106   0   0 122 254
255 147   0   0  63 182  15   5   5  10 168 106   0   0 122 254
255 147   0   0  63 181  10   0   0   5 167 106   0   0 122 254
255 147   0   0  63 181  10   0   0   5 167 106   0   0 122 254
255 147   0   0  63 184  21  10  10  15 170 106   0   0 122 254
255 147   0   0  63 233 184 181 181 182 229 106   0   0 122 254
255 147   0   0  15  63  63  63  63  63  63  26   0   0 122 254
255 147   0   0   0   0   0   0   0   0   0   0   0   0 122 254
255 147   0   0   0   0   0   0   0   0   0   0   0   0 122 254
255 210 147 147 147 147 147 147 147 147 147 147 147 147 198 254
255 255 255 255 255 255 255 255 255 255 255 255 255 255 255 255
255 254 254 254 254 254 254 254 254 254 254 254 254 254 254 255
255 198 122 122 122 122 122 122 122 122 122 122 122 122 185 254
255 147   0   0   0   0   0   0   0   0   0   0   0   0 122 254
255 147   0   0   0   0   0   0   0   0   0   0   0   0 122 254
255 147   0   0  26 106 106 106 106 106 106  44   0   0 122 254
255 147   0   0  63 229 170 167 167 168 224 106   0   0 122 254
255 147   0   0  63 182  15   5   5  10 168 106   0   0 122 254
255 147   0   0  63 181  10   0   0   5 167 106   0   0 122 254
255 147   0   0  63 181  10   0   0   5 167 106   0   0 122 254
255 147   0   0  63 184  21  10  10  15 170 106   0   0 122 254
255 147   0   0  63 233 184 181 181 182 229 106   0   0 122 254
255 147   0   0  15  63  63  63  63  63  63  26   0   0 122 254
255 147   0   0   0   0   0   0   0   0   0   0   0   0 122 254
255 147   0   0   0   0   0   0   0   0   0   0   0   0 122 254
255 210 147 147 147 147 147 147 147 147 147 147 147 147 198 254
255 255 255 255 255 255 255 255 255 255 255 255 255 255 255 255
